0.254426 78
2.070703 17
0.742857 22
0.646821 12
0.526008 15
0.506823 14
0.497349 17
0.441435 13
0.246223 7
0.250004 19
0.250873 10
0.497543 15
0.767540 19
0.503277 7
0.080881 23
0.084434 4
0.084546 16
0.088173 14
0.079121 17
0.083096 12
0.084945 15
0.083748 19
0.082056 20
0.087654 1
0.082222 1
0.083571 1
0.087137 1
0.084194 1
0.083565 1
8.279051 1
0.143928 1
0.264594 2
0.004334 69
0.000601 78
3.522350 1
0.148181 1
0.336554 1
0.827307 1
0.660810 1
0.466184 1
0.222772 1
0.629364 1
0.933393 1
0.155642 1
0.265000 1
0.138380 1
0.180385 1
0.175822 1
0.940159 1
0.465661 1
0.375964 1
0.614177 2
0.039244 72
0.008332 53
0.000101 10
0.005707 45
0.001341 746
0.034168 886
1.787358 25
0.001871 74
0.499222 25
0.001152 65
0.095633 25
0.000291 47
0.073994 25
0.000308 42
0.081220 25
0.000299 42
0.084841 25
0.000298 42
0.085072 25
0.000298 42
0.081087 25
0.000305 43
0.087766 24
0.000296 44
0.084931 23
0.001945 60
0.079801 24
0.000641 53
0.084976 24
0.004578 63
0.077238 24
0.003132 58
0.080226 23
0.000326 44
0.082923 24
0.000364 42
0.085847 23
0.000213 44
0.079556 49
0.088024 48
0.082367 48
2.310277 24
0.000395 42
0.502972 23
0.000413 44
0.084008 24
0.000409 42
0.083492 23
0.005593 61
0.082363 24
0.003447 62
0.076354 24
0.001888 54
0.083340 24
0.000664 57
0.080842 23
0.000391 46
0.084242 24
0.000314 45
0.084831 25
0.000345 42
0.079291 25
0.000385 42
0.084450 25
0.000370 42
0.081810 25
0.000388 42
0.082995 25
0.000377 47
0.084430 25
0.002266 73
0.078666 25
0.000549 60
0.083225 25
0.000066 45
0.083386 24
0.002041 166
0.082510 24
0.004252 199
0.080570 24
0.003199 152
0.080070 25
0.000635 115
0.371222 25
0.000748 122
0.256425 24
0.000636 125
0.180705 25
0.000549 98
0.203878 25
0.000527 98
0.165556 25
0.000445 100
0.285668 25
0.000295 48
0.220670 25
0.000302 42
0.209775 25
0.000280 43
0.168494 25
0.002881 73
0.200638 25
0.003757 91
0.192131 49
0.209851 48
1.545034 23
0.100847 58
0.470692 55
0.631502 1
0.146286 1
0.391837 1
0.000084 14
0.000016 15
0.004542 18
0.003849 62
0.002123 78
1.448088 1
0.127463 1
0.157024 1
0.245817 1
0.344276 1
0.463972 1
0.420744 1
0.237636 1
0.160660 1
0.217757 1
0.241773 1
0.129185 1
0.454406 1
0.248283 1
0.214665 1
0.228713 1
1.214555 1
0.396144 1
0.338507 1
0.290891 2
0.101229 78
1.750588 1
0.369648 1
1.012569 1
0.596283 1
0.312135 1
0.308783 1
0.174787 1
1.664856 2
0.004641 18
3.964120 1
0.392471 7
0.000020 18
0.290196 1
0.575651 2
0.000048 26
0.436178 1
0.365572 2
0.000207 29
0.447250 1
0.404953 2
0.000225 32
0.387504 1
0.333863 2
0.000210 17
0.001492 78
1.816280 7
0.996168 2
0.001840 18
2.366093 1
0.381341 2
0.000174 23
0.392869 1
0.355345 2
0.000173 26
0.351645 1
0.353230 2
0.000046 13
0.000016 16
0.419001 1
0.307428 2
0.000155 32
0.381183 1
0.351409 2
0.000022 17
0.000617 78
7.242970 7
0.594746 2
0.003130 18
0.651799 1
0.392199 7
0.000022 18
0.307813 1
0.386352 4
0.000024 8
0.000025 16
0.645854 1
0.325130 2
0.000112 29
0.401642 1
0.369515 2
0.000139 32
0.395370 1
0.369996 16
0.000027 3
0.000689 78
2.872549 7
0.877975 2
0.001926 18
2.994844 1
0.569490 2
0.000019 2
0.000009 21
0.454430 1
0.403745 4
0.000020 24
0.411790 1
0.373172 2
0.000048 29
0.370448 1
0.400969 34
0.332746 1
0.443939 5
0.000026 8
0.000042 6
0.000726 78
28.345018 1
0.501086 1
0.173151 1
0.223850 1
0.353243 2
0.000145 6
